p cnf 175 735
-57 -43 -34 0
161 158 -85 0
-119 -90 -160 0
-103 58 73 0
-109 52 -163 0
-19 -92 47 0
-81 -113 -88 0
9 -101 -97 0
-40 -1 -132 0
140 31 -102 0
-22 120 49 0
-17 -134 23 0
-29 62 144 0
81 20 -125 0
-82 -168 -28 0
70 157 -2 0
94 -5 -154 0
48 35 -41 0
93 133 72 0
-84 -122 10 0
-130 -110 -159 0
-6 175 44 0
170 123 -45 0
129 -80 143 0
-162 -60 -75 0
-54 36 14 0
56 128 -107 0
-139 4 64 0
-13 -167 -127 0
106 -101 39 0
-173 42 76 0
-18 24 63 0
74 8 -128 0
140 115 -67 0
-152 -164 77 0
65 148 89 0
-59 -96 -142 0
-86 71 -138 0
-99 -32 -153 0
16 79 -104 0
135 50 -117 0
-171 -91 118 0
-21 -112 149 0
124 78 -131 0
53 98 32 0
-121 -150 -51 0
-61 -12 -87 0
156 -155 -153 0
55 -172 11 0
-146 37 -25 0
-136 30 -99 0
114 105 -166 0
-68 116 -159 0
174 104 -33 0
-165 126 66 0
-147 -7 169 0
-171 81 64 0
-121 -108 15 0
-27 166 113 0
-59 130 -173 0
139 116 -12 0
-74 -63 168 0
-10 -88 -43 0
79 105 -7 0
41 -34 163 0
-68 -80 -148 0
-120 164 -62 0
44 -170 162 0
27 -1 -131 0
84 150 154 0
-16 -135 21 0
167 97 28 0
83 -96 9 0
169 119 2 0
160 174 -6 0
-33 38 52 0
-86 60 98 0
-87 166 -35 0
23 26 -32 0
64 -130 -8 0
-142 3 -42 0
4 94 -15 0
-71 -13 -18 0
-114 36 -156 0
-111 -124 -20 0
-132 -48 65 0
49 122 57 0
155 -20 -31 0
-99 56 -146 0
108 -175 93 0
-145 112 -95 0
11 59 102 0
-69 137 121 0
-85 -147 106 0
-88 61 -151 0
136 66 127 0
51 54 89 0
117 73 172 0
144 138 78 0
-123 106 118 0
-152 -81 137 0
53 -37 17 0
55 -101 -100 0
-143 -25 103 0
-39 -75 2 0
-134 -133 70 0
-165 -153 125 0
47 7 109 0
72 22 4 0
-161 -158 -157 0
-124 128 -171 0
77 90 -141 0
-45 92 -126 0
82 -140 24 0
-58 -40 14 0
-149 -129 3 0
-159 -30 -96 0
32 -131 107 0
40 -159 -133 0
8 74 -124 0
-5 -165 -61 0
55 -9 6 0
-94 -43 -119 0
-106 -162 126 0
167 -21 -68 0
160 -152 20 0
-53 50 69 0
-156 115 -29 0
123 2 -52 0
107 -153 172 0
28 -60 125 0
-83 -138 110 0
-58 145 -117 0
158 -141 -128 0
-148 -54 90 0
86 -70 101 0
-92 27 33 0
65 -139 175 0
-97 -168 -147 0
30 164 13 0
-18 -41 173 0
26 155 -135 0
-140 163 -113 0
16 -103 -88 0
146 -31 -59 0
171 92 81 0
-105 -14 -25 0
-157 23 77 0
-80 -49 -11 0
109 -166 160 0
-66 63 -99 0
17 -114 130 0
-76 118 -137 0
154 -10 111 0
-139 169 -121 0
19 -37 100 0
-102 106 134 0
-129 -36 108 0
22 15 -57 0
174 -56 39 0
-150 51 142 0
-64 -147 82 0
-149 -120 -144 0
7 -78 116 0
91 -87 79 0
137 -117 -72 0
-85 104 143 0
67 -24 111 0
-35 -89 98 0
93 127 -12 0
-132 -95 47 0
31 48 34 0
-161 75 -73 0
3 71 -151 0
-4 -38 136 0
-172 -134 153 0
3 63 60 0
22 -148 9 0
112 -101 77 0
39 136 -70 0
-28 -109 -88 0
57 170 -68 0
-147 72 119 0
104 20 -86 0
-140 -65 -147 0
-13 -169 166 0
-31 -34 -40 0
125 -66 67 0
151 155 -10 0
-49 -128 160 0
137 -165 106 0
-120 -103 13 0
122 -117 14 0
83 -102 144 0
-95 146 6 0
145 -164 -46 0
-5 -43 -12 0
-26 126 -116 0
-29 91 -105 0
37 171 100 0
149 -79 135 0
100 -55 -58 0
-23 -138 89 0
82 52 -159 0
175 127 -115 0
118 152 -87 0
-78 128 -38 0
-59 71 -124 0
129 121 18 0
107 -156 -8 0
51 -25 48 0
5 112 158 0
-21 -161 -84 0
-39 -131 -7 0
19 65 -113 0
93 -86 -96 0
167 -27 -50 0
98 -32 139 0
-73 -36 133 0
-141 -173 62 0
-168 99 132 0
69 -163 -123 0
-74 53 -114 0
54 -41 16 0
110 150 15 0
85 -17 30 0
-97 -11 -94 0
-47 81 -44 0
-157 35 -1 0
45 -42 111 0
-108 -168 -80 0
4 -143 33 0
130 75 -24 0
174 -28 34 0
38 -48 -87 0
-10 -41 33 0
-11 24 -164 0
49 -143 42 0
-135 30 106 0
25 -139 116 0
3 -82 105 0
-148 -102 60 0
123 97 121 0
-113 132 50 0
-165 -54 2 0
41 -153 -158 0
-146 144 -108 0
-147 122 -79 0
-98 -135 139 0
-154 125 5 0
-29 65 35 0
-9 104 -46 0
59 96 -114 0
-163 109 -134 0
-167 -93 15 0
-14 70 -145 0
-95 67 124 0
161 -53 142 0
169 -68 -39 0
138 -55 149 0
-141 37 -154 0
-155 -61 -80 0
151 142 -81 0
47 -83 44 0
-107 22 71 0
129 167 62 0
-120 43 -174 0
92 40 166 0
-126 -159 137 0
136 -32 -133 0
-90 -97 161 0
36 156 73 0
69 165 78 0
-12 152 6 0
-174 -175 17 0
31 19 -75 0
-23 170 86 0
45 26 -58 0
150 101 57 0
-88 -122 160 0
-74 -20 -64 0
27 162 66 0
-125 -8 -148 0
84 76 140 0
-118 130 -21 0
-69 -173 13 0
-92 99 -89 0
100 -110 -107 0
56 64 -127 0
-91 153 168 0
112 18 94 0
115 -85 93 0
128 -112 170 0
139 -87 2 0
21 42 -141 0
-70 12 -99 0
-72 -165 81 0
-150 -123 -38 0
155 -89 27 0
-101 79 -34 0
135 56 54 0
116 -102 -33 0
117 -78 -16 0
148 -90 -146 0
167 52 -125 0
133 -153 -146 0
41 11 104 0
110 -49 -51 0
-44 114 -160 0
113 -86 109 0
-94 29 -30 0
-140 -151 20 0
137 4 -1 0
63 -106 163 0
162 161 115 0
156 -168 84 0
120 23 -85 0
-44 -107 -67 0
22 130 -164 0
73 -59 52 0
-14 -76 122 0
174 100 175 0
-129 10 -25 0
147 -35 -154 0
-127 -105 18 0
97 118 -45 0
-88 121 -8 0
32 -83 39 0
172 -143 -48 0
15 17 -96 0
64 82 -126 0
111 -37 158 0
173 119 -136 0
40 -77 145 0
-131 26 50 0
169 3 -144 0
-92 43 61 0
171 142 71 0
-5 28 118 0
46 65 -60 0
103 -55 138 0
-7 -31 -53 0
-71 68 159 0
134 -98 -62 0
166 -80 -13 0
74 36 -69 0
-149 -95 6 0
165 45 75 0
-20 -91 -47 0
108 19 -9 0
105 -171 63 0
-27 -172 46 0
102 14 -69 0
148 -104 88 0
-49 19 21 0
-101 149 -25 0
100 -103 -16 0
-13 -173 -66 0
90 29 86 0
-57 137 -20 0
12 146 89 0
-120 168 -162 0
-169 -31 164 0
-7 -123 -154 0
-121 112 152 0
-158 -166 39 0
-72 -58 59 0
-175 128 -77 0
159 175 142 0
84 -33 141 0
-167 91 -6 0
136 42 -44 0
24 -76 61 0
-60 -157 117 0
-99 155 -80 0
-118 -43 41 0
64 -55 -133 0
17 -54 -4 0
87 -78 -138 0
119 82 -18 0
-60 50 -130 0
-125 -13 -46 0
-134 -27 -22 0
-140 -126 129 0
97 51 -116 0
36 -85 62 0
-111 -21 -124 0
-38 -118 170 0
-151 -131 -147 0
126 -28 41 0
5 -53 -34 0
-6 -73 -56 0
-67 -8 -128 0
163 -122 94 0
32 135 -10 0
-92 83 -26 0
-1 127 -115 0
165 37 95 0
143 -109 -156 0
40 -98 -114 0
149 160 -74 0
108 -2 47 0
161 -106 3 0
79 -110 -30 0
174 -65 81 0
75 -150 -139 0
145 -70 113 0
-45 -68 -96 0
-144 57 113 0
-100 -51 38 0
-8 121 -108 0
-58 -47 66 0
-82 85 9 0
-175 -81 158 0
174 -170 16 0
-124 9 155 0
-69 149 135 0
-106 65 -21 0
145 138 136 0
-33 63 169 0
75 -139 -34 0
111 -126 -73 0
-114 -49 -172 0
145 22 28 0
31 140 168 0
3 36 53 0
-12 101 -141 0
-158 -119 94 0
82 -115 -72 0
-160 -142 129 0
14 -24 -54 0
-40 -4 106 0
-1 -45 -89 0
-75 98 132 0
-110 -134 -156 0
116 15 59 0
143 -14 26 0
123 5 20 0
50 35 102 0
-55 -30 95 0
152 150 40 0
18 92 128 0
25 43 91 0
-161 -87 -171 0
-86 88 -112 0
1 -125 -78 0
80 105 120 0
31 68 -96 0
-163 -118 162 0
-7 -159 -133 0
107 52 74 0
58 60 173 0
-164 -84 -137 0
-157 46 32 0
-23 -93 -104 0
17 -79 -37 0
-6 -90 -130 0
117 -103 -131 0
174 44 -27 0
166 -71 -144 0
-151 -146 10 0
167 -97 61 0
48 -147 -67 0
29 110 19 0
77 -82 -70 0
-2 109 -39 0
-42 -154 -131 0
112 -32 -102 0
-77 15 -35 0
-60 -94 49 0
-50 -118 -8 0
152 -4 22 0
-31 111 63 0
-157 -159 10 0
-92 -58 66 0
-3 -134 73 0
44 165 132 0
-100 -65 -23 0
-84 -11 -36 0
40 -124 109 0
-48 88 -140 0
144 -174 55 0
125 101 95 0
129 -100 -12 0
54 39 -75 0
-29 -150 64 0
157 -123 121 0
-68 9 16 0
26 126 15 0
-13 83 122 0
2 76 13 0
-80 -30 -104 0
120 -57 -141 0
-155 -59 -105 0
142 63 -87 0
-6 46 171 0
-103 172 106 0
71 43 -79 0
-160 -99 47 0
-24 -119 -78 0
148 -61 -45 0
27 130 65 0
-147 87 -7 0
151 -156 82 0
1 83 -37 0
-93 89 -41 0
-74 107 114 0
-138 69 163 0
113 85 -52 0
-115 -42 116 0
127 -14 -18 0
53 149 162 0
175 169 67 0
110 -136 -89 0
81 154 -166 0
108 51 -160 0
25 83 86 0
-164 -96 -153 0
17 34 -5 0
-133 -38 146 0
123 -23 56 0
156 62 -128 0
-173 162 20 0
-139 -98 143 0
117 72 -135 0
132 125 -75 0
-46 17 113 0
45 -131 20 0
59 98 156 0
-151 76 -106 0
28 -158 -162 0
-60 -149 94 0
-55 -134 171 0
-150 95 -127 0
-24 -115 142 0
-104 -118 73 0
175 4 -62 0
-56 -142 -35 0
68 -7 40 0
-1 82 -6 0
70 96 53 0
-159 -148 -174 0
-48 19 -141 0
61 71 104 0
44 -27 -102 0
103 110 57 0
161 155 49 0
-164 -135 -80 0
-163 -85 133 0
79 -8 -78 0
-124 -81 -9 0
-15 -51 30 0
23 -153 160 0
64 120 100 0
-38 126 58 0
-170 -25 84 0
-39 67 138 0
47 130 22 0
112 145 37 0
-26 -43 168 0
-89 -86 -154 0
-90 -88 -9 0
34 54 99 0
50 52 38 0
-5 101 41 0
87 -36 172 0
137 -143 75 0
-18 146 -139 0
107 -12 -119 0
-60 -13 -77 0
-91 -85 -33 0
-97 -157 83 0
169 -14 -32 0
-114 16 109 0
166 -108 163 0
167 -117 -116 0
74 92 147 0
-71 2 121 0
49 -11 39 0
165 -122 -57 0
42 58 -63 0
-3 -152 -69 0
93 -140 144 0
-123 -48 106 0
155 -136 124 0
77 -143 -171 0
-152 43 -64 0
55 -160 -115 0
-113 -63 -165 0
66 -27 20 0
87 -97 -6 0
122 -166 90 0
47 -172 41 0
-91 -117 -24 0
151 -149 -110 0
-40 5 21 0
93 -30 -150 0
-119 120 -129 0
29 -83 33 0
146 7 -168 0
46 -13 116 0
-153 -167 -36 0
-112 73 130 0
133 -28 -44 0
129 126 -111 0
143 3 -142 0
17 145 57 0
-32 123 -134 0
1 102 62 0
-62 -104 -56 0
131 -84 37 0
-37 -170 -15 0
159 -173 70 0
47 -39 -4 0
-53 50 -139 0
-49 162 -65 0
157 98 -109 0
68 161 -174 0
144 -169 -148 0
-168 -98 -158 0
132 -137 59 0
121 -123 94 0
18 94 74 0
-148 125 114 0
22 66 156 0
175 -78 -116 0
38 -164 71 0
23 -82 -10 0
-2 -67 44 0
31 99 -45 0
88 -12 -51 0
-11 54 58 0
-163 75 105 0
-94 101 -8 0
76 35 34 0
140 -100 61 0
26 -80 96 0
107 141 147 0
14 154 -9 0
-108 -128 -52 0
127 69 19 0
81 -60 -148 0
72 99 33 0
-165 131 143 0
-63 -151 -79 0
-36 -143 -129 0
-27 155 -80 0
127 147 -66 0
-97 23 26 0
149 30 89 0
-22 -150 -121 0
144 -101 3 0
-41 94 70 0
-100 87 55 0
154 135 16 0
-139 -47 -161 0
95 116 98 0
128 60 -90 0
-42 -38 71 0
46 82 -69 0
54 52 -26 0
53 132 -39 0
-164 60 58 0
-123 -126 28 0
-106 113 1 0
141 -75 -14 0
-50 29 59 0
15 103 173 0
-64 35 -109 0
-21 -43 105 0
127 102 73 0
119 9 -170 0
114 -2 -68 0
-7 3 -136 0
174 8 -4 0
32 -11 -168 0
-130 -83 -91 0
110 171 -152 0
49 -56 169 0
-31 -74 -67 0
96 160 -117 0
134 -12 172 0
-157 145 78 0
-93 17 -138 0
-104 -153 -10 0
-52 88 -122 0
-21 -137 156 0
142 62 -81 0
40 -131 -24 0
-124 146 -166 0
-113 -133 25 0
-5 -19 46 0
163 -107 57 0
-45 51 158 0
-139 138 48 0
-20 -37 -162 0
140 -108 -77 0
-74 92 -159 0
13 115 -112 0
167 103 -85 0
8 -82 160 0
-10 -78 -118 0
-90 7 -161 0
-29 -127 114 0
30 -95 -156 0
-112 -32 28 0
-145 -148 -62 0
-143 154 45 0
69 13 108 0
-61 -36 -124 0
174 175 15 0
-157 -141 -156 0
-110 138 -140 0
155 101 -75 0
-168 -53 151 0
113 -9 40 0
41 -24 76 0
-135 -133 -31 0
-102 -12 68 0
125 77 65 0
50 -100 -162 0
129 47 153 0
58 43 -5 0
115 12 93 0
167 67 -86 0
54 -137 142 0
38 131 -99 0
-27 -51 -158 0
-126 49 150 0
60 -89 120 0
-23 -97 4 0
-37 -42 171 0
-149 -66 -170 0
-83 -104 -28 0
70 -11 -165 0
